888888888888888888888888888888888888888888888888888888888888888888888888888888888888888888888888888888888
888888888888888888888888888888888888888888888888888888888888888888888888888888888888888888888888888888888
888888888888888888888888888888888888888888888888888888888888888888888888888888888888888888888888888888888
888888888888888888888888888888888888888888888888888888888888888888888888888888888888888888888888888888888
888888888888888888888888888888888888888888888888888888888888888888888888888888888888888888888888888888888
888888888888888888888888888888888888888888888888888888888888888888888888888888888888888888888888888888888
888888888888888888888888888888888888888888888888888888888888888888888888888888888888888888888888888888888
888888888888888888888888888888888888888888888888888888888888888888888888888888888888888888888888888888888
888888888888888888888888888888888888888888888888888888888888888888888888888888888888888888888888888888888
888888888888888888888888888888888888888888888888888888888888888888888888888888888888888888888888888888888
888888888888888888888888888888888888888888888888888888888888888888888888888888888888888888888888888888888
888888888888888888888888888888888888888888888888888888888888888888888888888888888888888888888888888888888
888888888888888888888888888888888888888888888888888888888888888888888888888888888888888888888888888888888
888888888888888888888888888888888888888888888888888888888888888888888888888888888888888888888888888888888
888888811111888111111111111188711118881111188811111888111111111111111111111111111111111111111111188888888
888888811111888118888888811188711118881111188811111888111888888888888888888888888888888888888811188888888
888888888888888118888888811188888888888888888888888888111888888888888888888888888888888888888811188888888
888888888888888118888888811188711118881111188811111888111888888888888888888888888888888888888811188888888
888888888888888111111111111188711118881111188811111888111888888888888888888888888888888888888811188888888
888888888888888888888888888888888888888888888888888888111888888888338833888888339833388888888811188888888
888888888888888888888888888888888888888888888888888888111888888888888888888888888888888888888811188888888
888888888888888888888881111188111111111111111111111888111888888888888888888888888888888888888811188888888
888888888888888888888881111188119888888888888888911888111888883388338833883388339833383398888811188888888
888888888888888888888888888888119888883888388888911888111888888888888888888888888888888888888811188888888
888888888888888888888888888888119888888888888888911888111888888888338833883388339833388888888811188888888
888888888888888888888888888888119888388888883388911888111888888888888888888888888888888888888811188888888
888888888888888888888888888888119888883838398888911888111888888888888833883388339888888888888811188888888
888888888888888888888888888888119888888888888888911888111888888888888888888888888888888888888811188888888
888888888888888888888888888888119888888888888888911888111888888888888888883388888888888888888811188888888
888888888888888888888888888888111111111111111111111888111888888888888888888888888888888888888811188888888
888888888888888888888888888888888888888888888888888888111888888888888888888888888888888888888811188888888
888888888888888888888888888888888888888888888811111888111999999999999999999999999999999999999911188888888
888888888888888888888888888888888888888888888811111888111111111111111111111111111111111111111111188888888
888888888888888888888888888888888888888888888888888888888888888888888888888888888888888888888888888888888
888888888888888888888888888888888888888888888888888888888888888888888888888888888888888888888888888888888
888888888888888888888888888888888888888888888888888888888888888888888888888888888888888888888888888888888
888888888888888888888888888888888888888888888888888888888888888888888888888888888888888888888888888888888
888888888888888888888888888888888888888888888888888888888888888888888888888888888888888888888888888888888
888888888888888888888888888888888888888888888888888888888888888888888888888888888888888888888888888888888
888888888888888888888888888888888888888888888888888888888888888888888888888888888888888888888888888888888
888888888888888888888888888888888888888888888888888888888888888888888888888888888888888888888888888888888
888888888888888888888888888888888888888888888888888888888888888888888888888888888888888888888888888888888
888888888888888888888888888888888888888888888888888888888888888888888888888888888888888888888888888888888
888888888888888888888888888888888888888888888888888888888888888888888888888888888888888888888888888888888
888888888888888888888888888888888888888888888888888888888888888888888888888888888888888888888888888888888
888888888888888888888888888888888888888888888888888888888888888888888888888888888888888888888888888888888
888888888888888888888888888888888888888888888888888888888888888888888888888888888888888888888888888898677