311111111111111333333333333333333333333333333333333333333333333333333333333333333333333333333333333333333333333333333333333333333333333333333333333333333333333333333333333333333
311111111111111333333333333333333333333333333333333333333333333333333333333333333333333333333333333333333333333333333333333333333333333333333333333333333333333333333333333333333
311113333331111333333333333333333333333333333333333333333333333333333333333333333333333333333333333333333333333333333333333333333333333333333333333333333333333333333333333333333
311113333331111333333333333333333333333333333333333333333333333333333333333333333333333333333333333333333333333333333333333333333333333333333333333333333333333333333333333333333
311113333331111333333333333333333333333333333333333333333333333333333333333333333333333333333333333333333333333333333333333333333333333333333333333333333333333333333333333333333
311111111111111133333333333333333333333333333333333333333333333333333333333333333333333333333333333333333333333333333333333333333333333333333333333333333333333333333333333333333
311111111111111111333333333333333333333333333333333333333333333333333333333333333333333333333333333333333333333333333333333333333333333333333333333333333333333333333333333333333
333333333333331111113333333333333333333333333333333333333333333333333333333333333333333333333333333333333333333333333333333333333333333333333333333333333333333333333333333333333
333333333333333331111111111111113333333333333333333333333333333333333333333333333333333333333333333333333333333333333333333333333333333333333333333333333333333333333333333333333
333333333333333333111111111111113333333333333333333333333333333333333333333333333333333333333333333333333333333333333333333333333333333333333333333333333333333333333333333333333
333333333333333333111111111111113333333333333333333333333333333333333333333333333333333333333333333333333333333333333333333333333333333333333333333333333333333333333333333333333
333333333333333333111111111111113333333333333333333333333333333333333333333333333333333333333333333333333333333333333333333333333333333333333333333333333333333333333777777333333
333333333333333333111111111111113333333333333333333333333333333333333333333333333333333333333333333333333333333333333333333333333333333333333333333333333333333333333777777333333
333333333333333311111111111111113333333333333333333333333333333333333333333333333333333333333333333333333333333333333333333333333333333333333333333333333333333333333777777333333
333333333333311111133333333333333333333333777777377777777733333333777777333333337777773333377777737777777777333333337777773777777777733333333333377777777777333337777777777777773
311111111111111113333333333333333333333333777777777777777777733333777777333333337777773333377777777777777777773333337777777777777777777333333377777777777777773337777777777777773
311111111111111333333333333333333333333333777777733333377777773333777777333333337777773333377777773333337777777733337777777333333777777773333777777333333377777333333777777333333
311113333331111333333333333333333333333333777777333333333777777333777777333333337777773333377777733333333377777733337777773333333337777773337777773333333377777733333777777333333
311113333331111333333333333333333333333333777777333333333777777333777777333333337777773333377777733333333337777773337777773333333333777777377777777777777777777733333777777333333
311111111111111333333333333333333333333333777777333333333777777333777777333333337777773333377777733333333337777773337777773333333333777777377777777777777777777733333777777333333
311111111111111333333333333333333333333333777777333333333777777333777777333333337777773333377777733333333377777733337777773333333337777773337777733333333333333333333777777333333
333333333333333333333333333333333333333333777777733333377777773333377777733333777777773333377777773333337777777333337777777333333777777733333777777333333377777733333777777333333
333333333333333333333333333333333333333333777777777777777777733333377777777777777777773333377777777777777777773333337777777777777777777333333377777777777777777333333777777777773
333333333333333333333333333333333333333333777777377777777733333333333777777777737777773333377777737777777777333333337777773777777777733333333333377777777777333333333337777777773
333333333333333333333333333333333333333333777777333333333333333333333333333333333333333333377777733333333333333333337777773333333333333333333333333333333333333333333333333333333
333333333333333333333333333333333333333333777777333333333333333333333333333333333333333333377777733333333333333333337777773333333333333333333333333333333333333333333333333333333
333333333333333333333333333333333333333333777777333333333333333333333333333333333333333333377777733333333333333333337777773333333333333333333333333333333333333333333333333333333
333333333333333333333333333333333333333333777777333333333333333333333333333333333333333333377777733333333333333333337777773333333333333333333333333333333333333333333333333335349