8888888888888888888888888888888888888888888888888888888888888888888888888888888888888888888888888888888888
8888888888888888888888888888888888888888888888888888888888888888888888888888888888888888888888888888888888
8888888888888888888888888888888888888888888888888888888888888888888888888888888888888888888888888888888888
8888888888888888888888888888888888888888888888888888888888888888888888888888888888888888888888888888888888
8888888888888888888888888888888888888888888888888888888888888888888888888888888888888888888888888888888888
8888888888888888888888888888888888888888888888888888888888888888888888888888888888888888888888888888888888
8888888888888888888888888888888888888888888888888888888888888888888888888888888888888888888888888888888888
8888888888888888888888888888888888888888888888888888888888888888888888888888888888888888888888888888888888
8888888888888888881111111111111111888888888888888888888888888888888888888888888888888888888888888888888888
8888888888888888881111111111111111888888888888888888888888888888888888888888888888888888888888888888888888
8888888888888888881111188888111111888888888888888888888888888888888888888888888888888888888888888888888888
8888888888888888881111188888111111888888888888888888888888888888888888888888888888888888888888888888888888
8888888888888888881111188888111111888888888888888888888888888888888888888888888888888888888888888888888888
8888888888888888881111111111111111888888888888888888888888888888888888888888888888888888888888888888888888
8888888888888888881111111111111111118888888888888888888888888888888888888888888888888888888888888888888888
8888888888888888888888888888888111111188888888888888888888888888888888888888888888888888888888888888888888
8888888888888888888888888888888881111111111111111111188888888888888888888888888888888888888888888888888888
8888888888888888888888888888888888811111111111111111188888888888888888888888888888888888888888888888888888
8888888888888888888888888888888888888111111111111111188888888888888888888888888888888888888888888888888888
8888888888888888888888888888888888888111111111111111188888888888888888888888888888888888888888888888888888
8888888888888888888888888888888888888111111111111111188888888888888888888888888888888888888888888888888888
8888888888888888888888888888888888888111111111111111188888888888888888888888888888888888888888888888888888
8888888888888888888888888888888888811111111111111111188888888888888888888888888888888888888888888888888888
8888888888888888888888888888888881111111111111111111188888888888888888888833333388888888888888888888888888
8888888888888888888888888888888111111188888888888888888888888883333333333333333333338888888888888888888888
8888888888888888881111111111111111118888888888888888888888888883333333333333333333333388888888888888888888
8888888888888888881111111111111111888888888888888888888888888883333333338888883333333338888888888888888888
8888888888888888881111188888111111888888888888888888888888888883333333888888888833333333888888888888888888
8888888888888888881111188888111111888888888888888888888888888883333333888888888883333333888888888888888888
8888888888888888881111188888111111888888888888888888888888888883333333888888888883333333888888888888888888
8888888888888888881111111111111111888888888888888888888888888883333333888888888883333333888888888888888888
8888888888888888881111111111111111888888888888888888888888888883333333388888888833333333888888888888888888
8888888888888888888888888888888888888888888888888888888888888883333333333333333333333338888888888888888888
8888888888888888888888888888888888888888888888888888888888888883333333333333333333333888888888888888888888
8888888888888888888888888888888888888888888888888888888888888883333333833333333333388888888888888888888888
8888888888888888888888888888888888888888888888888888888888888883333333888888888888888888888888888888888888
8888888888888888888888888888888888888888888888888888888888888883333333888888888888888888888888888888888888
8888888888888888888888888888888888888888888888888888888888888883333333888888888888888888888888888888888888
8888888888888888888888888888888888888888888888888888888888888883333333888888888888888888888888888888888888
8888888888888888888888888888888888888888888888888888888888888888888888888888888888888888888888888888888888
8888888888888888888888888888888888888888888888888888888888888888888888888888888888888888888888888888888888
8888888888888888888888888888888888888888888888888888888888888888888888888888888888888888888888888888888888
8888888888888888888888888888888888888888888888888888888888888888888888888888888888888888888888888888888888
8888888888888888888888888888888888888888888888888888888888888888888888888888888888888888888888888888888888
8888888888888888888888888888888888888888888888888888888888888888888888888888888888888888888888888888888888
8888888888888888888888888888888888888888888888888888888888888888888888888888888888888888888888888888888888
8888888888888888888888888888888888888888888888888888888888888888888888888888888888888888888888888888900853