111111111111111111177777777777777777777777777777773333333333333333333333333333333333333111111111111111111
111111111111111111177777777777777777777777777777773333333333333333333333333333333333333111111111111111111
111111111111111111177777777777777777777777777777773333333333333333333333333333333333333111111111111111111
111111111111111111177777777777777777777777777777773333333333333333333333333333333333333111111111111111111
111111111111111111177777777777777777777777777777773333333333333333333333333333333333333111111111111111111
111111111111111111177777777777333333333377777777773333333333333333333333333333333333333111111111111111111
111111111111111111177777777777333333333377777777773333333333333333333333333333333333333111111111111111111
111111111111111111177777777777333333333377777777773333333333333333333333333333333333333111111111111111111
111111111111111111177777777777333333333377777777773333333333333333333333333333333333333111111111111111111
111111111111111111177777777777333333333377777777773333333333333333333333333333333333333111111111111111111
111111111111111111177777777777777777777777777777773333333333333333333333333333333333333111111111111111111
111111111111111111177777777777777777777777777777773333333333333333333333333333333333333111111111111111111
111111111111111111177777777777777777777777777777777733333333333333333333333333333333333111111111111111111
111111111111111111177777777777777777777777777777777777733333333333333333333333333333333111111111111111111
111111111111111111133333333333333333333333337777777777777333333333333333333333333333333111111111111111111
111111111111111111133333333333333333333333333377777777777773333333333333333333333333333111111111111111111
111111111111111111133333333333333333333333333333777777777777773333333333333333333333333111111111111111111
111111111111111111133333333333333333333333333333337777777777777777777777777777777777777111111111111111111
111111111111111111133333333333333333333333333333333377777777777777777777777777777777777111111111111111111
111111111111111111133333333333333333333333333333333333377777777777777777777777777777777111111111111111111
111111111111111111133333333333333333333333333333333333337777777777777777777777777777777111111111111111111
111111111111111111133333333333333333333333333333333333337777777777777777777777777777777111111111111111111
111111111111111111133333333333333333333333333333333333337777777777777777777777777777777111111111111111111
111111111111111111133333333333333333333333333333333333337777777777777777777777777777777111111111111111111
111111111111111111133333333333333333333333333333333333337777777777777777777777777777777111111111111111111
111111111111111111133333333333333333333333333333333333337777777777777777777777777777777111111111111111111
111111111111111111133333333333333333333333333333333333337777777777777777777777777777777111111111111111111
111111111111111111133333333333333333333333333333333333377777777777777777777777777777777111111111111111111
111111111111111111133333333333333333333333333333333377777777777777777777777777777777777111111111111111111
111111111111111111133333333333333333333333333333337777777777777777777777777777777777777111111111111111111
111111111111111111133333333333333333333333333333777777777777773333333333333333333333333111111111111111111
111111111111111111133333333333333333333333333377777777777773333333333333333333333333333111111111111111111
111111111111111111133333333333333333333333337777777777777333333333333333333333333333333111111111111111111
111111111111111111177777777777777777777777777777777777733333333333333333333333333333333111111111111111111
111111111111111111177777777777777777777777777777777733333333333333333333333333333333333111111111111111111
111111111111111111177777777777777777777777777777773333333333333333333333333333333333333111111111111111111
111111111111111111177777777777777777777777777777773333333333333333333333333333333333333111111111111111111
111111111111111111177777777777333333333377777777773333333333333333333333333333333333333111111111111111111
111111111111111111177777777777333333333377777777773333333333333333333333333333333333333111111111111111111
111111111111111111177777777777333333333377777777773333333333333333333333333333333333333111111111111111111
111111111111111111177777777777333333333377777777773333333333333333333333333333333333333111111111111111111
111111111111111111177777777777333333333377777777773333333333333333333333333333333333333111111111111111111
111111111111111111177777777777777777777777777777773333333333333333333333333333333333333111111111111111111
111111111111111111177777777777777777777777777777773333333333333333333333333333333333333111111111111111111
111111111111111111177777777777777777777777777777773333333333333333333333333333333333333111111111111111111
111111111111111111177777777777777777777777777777773333333333333333333333333333333333333111111111111111111
111111111111111111177777777777777777777777777777773333333333333333333333333333333333333111111111111116391